function value = J2()
    value = 0.00108262668; % Earth J2
    % value = 0.001082635; % Earth J2
end